1
01.01.2011
2
14
18
26
35
36
1
2
05.01.2011
24
29
36
42
46
49
7
3
08.01.2011
23
26
27
32
33
41
5
4
12.01.2011
2
8
12
22
23
28
2
5
15.01.2011
12
13
21
26
33
38
3
6
19.01.2011
5
6
8
29
34
35
1
7
22.01.2011
3
7
14
19
23
35
5
8
26.01.2011
6
22
23
28
34
37
4
9
29.01.2011
8
11
21
30
35
45
7
10
02.02.2011
6
15
17
22
34
46
4
11
05.02.2011
9
11
24
34
35
41
8
12
09.02.2011
13
14
23
39
41
46
3
13
12.02.2011
1
2
5
24
31
32
4
14
16.02.2011
3
8
11
25
30
46
0
15
19.02.2011
12
14
16
33
42
47
5
16
23.02.2011
6
16
22
27
39
40
1
17
26.02.2011
18
19
32
38
47
49
6
18
02.03.2011
4
9
36
38
42
48
0
19
05.03.2011
7
13
15
28
33
39
5
20
09.03.2011
6
13
14
27
41
48
9
21
12.03.2011
9
15
19
31
38
43
9
22
16.03.2011
5
18
20
35
41
48
4
23
19.03.2011
10
11
16
21
41
46
6
24
23.03.2011
5
11
16
34
40
42
4
25
26.03.2011
17
19
20
25
28
37
7
26
30.03.2011
13
18
23
31
32
37
7
27
02.04.2011
1
16
25
29
33
47
5
28
06.04.2011
9
14
19
27
31
39
0
29
09.04.2011
12
26
32
39
44
47
8
30
13.04.2011
6
9
16
23
26
47
5
31
16.04.2011
3
4
17
19
35
49
3
32
20.04.2011
13
20
36
39
40
44
9
33
23.04.2011
6
16
18
22
29
41
2
34
27.04.2011
16
21
32
33
42
46
7
35
30.04.2011
10
12
19
29
33
34
0
36
04.05.2011
6
14
22
30
36
40
1
37
07.05.2011
5
12
23
29
34
41
2
38
11.05.2011
8
26
28
29
31
35
5
39
14.05.2011
1
9
10
11
20
31
3
40
18.05.2011
3
13
27
30
33
41
1
41
21.05.2011
13
24
28
36
45
49
0
42
25.05.2011
1
8
26
27
35
38
6
43
28.05.2011
4
17
19
29
34
46
6
44
01.06.2011
10
11
13
20
22
41
9
45
04.06.2011
17
22
34
37
38
46
5
46
08.06.2011
4
15
24
31
38
49
5
47
11.06.2011
8
16
18
28
34
46
9
48
15.06.2011
6
21
22
23
32
44
3
49
18.06.2011
6
14
21
24
25
41
6
50
22.06.2011
1
4
24
29
34
37
4
51
25.06.2011
3
4
20
28
37
42
1
52
29.06.2011
8
10
22
30
36
45
7
53
02.07.2011
7
10
16
19
22
40
8
54
06.07.2011
6
11
14
27
32
38
2
55
09.07.2011
9
11
18
23
36
45
2
56
13.07.2011
1
25
26
30
39
47
1
57
16.07.2011
3
14
15
22
27
38
6
58
20.07.2011
7
11
19
23
42
49
3
59
23.07.2011
8
12
18
20
24
33
0
60
27.07.2011
11
12
16
26
32
35
8
61
30.07.2011
8
11
21
40
42
44
5
62
03.08.2011
4
8
33
40
41
43
6
63
06.08.2011
9
11
33
36
41
49
5
64
10.08.2011
8
12
16
22
23
26
5
65
13.08.2011
13
14
21
29
31
34
2
66
17.08.2011
1
11
16
18
20
25
6
67
20.08.2011
2
7
22
31
32
41
6
68
24.08.2011
19
28
31
33
36
41
6
69
27.08.2011
27
29
40
43
44
49
0
70
31.08.2011
15
17
26
29
32
47
7
71
03.09.2011
2
8
17
31
36
42
2
72
07.09.2011
4
10
23
27
28
39
1
73
10.09.2011
6
9
10
16
28
43
0
74
14.09.2011
4
5
23
32
39
44
7
75
17.09.2011
12
23
38
42
46
49
1
76
21.09.2011
10
24
27
31
41
46
5
77
24.09.2011
3
5
6
18
24
42
3
78
28.09.2011
10
14
18
27
38
43
5
79
01.10.2011
9
13
17
21
29
47
1
80
05.10.2011
1
2
15
33
43
45
8
81
08.10.2011
24
25
29
31
34
47
0
82
12.10.2011
8
10
28
40
43
46
7
83
15.10.2011
2
5
16
18
37
39
5
84
19.10.2011
8
10
15
25
31
34
4
85
22.10.2011
6
7
8
26
34
35
5
86
26.10.2011
15
30
33
34
37
38
5
87
29.10.2011
6
17
23
24
35
44
7
88
02.11.2011
3
6
23
40
41
43
4
89
05.11.2011
7
13
21
37
41
43
0
90
09.11.2011
6
14
20
27
28
48
7
91
12.11.2011
7
12
15
16
30
42
9
92
16.11.2011
8
14
26
33
47
49
4
93
19.11.2011
9
24
26
33
40
47
5
94
23.11.2011
1
10
23
30
38
39
4
95
26.11.2011
3
13
23
33
38
49
5
96
30.11.2011
4
12
18
31
42
44
1
97
03.12.2011
1
10
25
29
44
47
7
98
07.12.2011
11
16
20
27
32
38
7
99
10.12.2011
2
4
5
10
25
34
7
100
14.12.2011
8
14
29
32
36
37
9
101
17.12.2011
3
19
33
38
44
47
6
102
21.12.2011
15
17
21
24
39
43
1
103
24.12.2011
6
12
26
27
32
36
9
104
28.12.2011
6
13
18
19
20
21
5
105
31.12.2011
2
5
11
17
19
28
1