1
03.01.2009
6
10
14
21
40
46
0
2
07.01.2009
3
6
20
23
26
37
7
3
10.01.2009
6
17
18
37
41
49
4
4
14.01.2009
1
7
9
22
29
32
1
5
17.01.2009
4
12
32
38
42
46
1
6
21.01.2009
5
7
8
10
38
40
0
7
24.01.2009
2
12
14
16
36
46
0
8
28.01.2009
1
3
15
24
38
47
0
9
31.01.2009
7
9
11
14
17
31
2
10
04.02.2009
2
5
10
21
42
46
1
11
07.02.2009
2
13
15
35
39
48
3
12
11.02.2009
13
22
39
41
42
43
7
13
14.02.2009
17
28
29
40
42
47
2
14
18.02.2009
15
19
39
43
48
49
3
15
21.02.2009
3
14
18
29
31
41
7
16
25.02.2009
2
7
10
22
34
43
1
17
28.02.2009
1
15
20
21
22
33
6
18
04.03.2009
6
28
31
38
42
44
4
19
07.03.2009
7
26
33
37
38
44
8
20
11.03.2009
8
13
32
39
47
48
5
21
14.03.2009
5
8
26
44
45
49
4
22
18.03.2009
4
17
29
37
42
47
5
23
21.03.2009
10
13
21
23
34
38
5
24
25.03.2009
14
25
31
32
41
49
8
25
28.03.2009
3
4
41
44
47
49
0
26
01.04.2009
3
13
17
21
32
33
8
27
04.04.2009
1
2
11
22
26
36
4
28
08.04.2009
5
12
19
28
29
37
1
29
11.04.2009
2
3
7
17
37
38
4
30
15.04.2009
2
4
9
20
42
48
5
31
18.04.2009
2
5
10
20
25
42
7
32
22.04.2009
6
11
24
31
32
45
7
33
25.04.2009
6
11
18
19
35
43
0
34
29.04.2009
7
10
14
15
40
41
9
35
02.05.2009
2
13
17
18
26
41
0
36
06.05.2009
1
2
7
41
44
45
3
37
09.05.2009
8
22
24
30
36
40
8
38
13.05.2009
16
25
34
41
45
47
5
39
16.05.2009
15
32
35
36
42
47
8
40
20.05.2009
6
8
27
28
31
47
5
41
23.05.2009
13
14
20
28
29
33
9
42
27.05.2009
9
11
16
19
42
44
4
43
30.05.2009
17
18
21
35
36
43
9
44
03.06.2009
3
9
15
18
21
33
7
45
06.06.2009
3
10
13
23
27
35
2
46
10.06.2009
11
23
28
32
35
36
3
47
13.06.2009
4
6
38
42
46
48
7
48
17.06.2009
7
10
29
40
42
43
4
49
20.06.2009
18
26
35
37
41
46
7
50
24.06.2009
9
19
32
36
37
39
3
51
27.06.2009
3
14
37
38
45
47
1
52
01.07.2009
2
11
18
26
32
49
5
53
04.07.2009
11
15
30
31
32
39
1
54
08.07.2009
4
5
31
36
40
43
6
55
11.07.2009
1
3
12
14
27
43
0
56
15.07.2009
2
6
14
25
38
43
0
57
18.07.2009
1
2
5
9
30
45
5
58
22.07.2009
3
8
19
32
40
43
6
59
25.07.2009
6
11
23
24
31
35
0
60
29.07.2009
9
10
13
20
32
37
3
61
01.08.2009
2
16
30
35
44
46
8
62
05.08.2009
4
36
13
19
15
39
5
63
08.08.2009
9
19
32
34
38
41
2
64
12.08.2009
8
15
24
28
37
40
0
65
15.08.2009
3
5
8
23
34
42
5
66
19.08.2009
22
32
35
39
43
44
9
67
22.08.2009
8
12
14
17
22
25
9
68
26.08.2009
15
22
23
26
33
43
6
69
29.08.2009
13
23
24
35
36
44
6
70
02.09.2009
7
8
29
30
34
39
4
71
05.09.2009
4
12
24
25
26
45
8
72
09.09.2009
12
16
22
29
34
43
1
73
12.09.2009
5
19
23
34
40
41
8
74
16.09.2009
5
22
27
31
32
49
3
75
19.09.2009
11
14
17
22
33
39
0
76
23.09.2009
3
4
23
30
43
44
6
77
26.09.2009
8
9
25
33
39
45
4
78
30.09.2009
20
22
30
31
37
41
6
79
03.10.2009
11
16
19
27
34
36
4
80
07.10.2009
10
28
34
38
45
48
0
81
10.10.2009
15
16
20
24
27
40
8
82
14.10.2009
10
22
23
41
43
47
8
83
17.10.2009
24
31
39
43
44
45
4
84
21.10.2009
10
16
25
40
42
44
4
85
24.10.2009
5
18
22
24
39
48
1
86
28.10.2009
16
39
42
43
45
48
5
87
31.10.2009
7
13
21
22
25
33
7
88
04.11.2009
2
4
6
8
14
28
5
89
07.11.2009
1
9
27
28
34
37
8
90
11.11.2009
10
11
19
32
42
46
5
91
14.11.2009
1
3
10
11
25
44
8
92
18.11.2009
6
8
16
23
25
44
2
93
21.11.2009
4
8
14
24
44
47
1
94
25.11.2009
10
12
18
24
43
44
3
95
28.11.2009
24
30
33
34
36
45
6
96
02.12.2009
12
17
24
30
31
32
9
97
05.12.2009
6
7
8
16
29
42
8
98
09.12.2009
1
5
13
22
26
29
1
99
12.12.2009
4
18
22
26
38
49
5
100
16.12.2009
2
8
11
18
19
38
4
101
19.12.2009
7
14
15
18
29
47
3
102
23.12.2009
2
5
28
36
44
48
8
103
26.12.2009
7
11
16
24
39
49
8
104
30.12.2009
10
16
22
25
37
40
5