1
03.01.2007
2
4
30
35
36
45
1
2
06.01.2007
5
10
11
35
38
39
2
3
10.01.2007
4
6
27
36
37
40
4
4
13.01.2007
8
19
29
38
41
47
9
5
17.01.2007
9
12
14
27
32
46
9
6
20.01.2007
19
27
28
33
36
38
9
7
24.01.2007
8
10
11
33
34
42
7
8
27.01.2007
15
18
27
40
44
45
1
9
31.01.2007
3
8
10
20
26
44
2
10
03.02.2007
5
18
21
27
34
36
7
11
07.02.2007
6
7
11
16
23
48
1
12
10.02.2007
4
16
20
26
32
38
4
13
14.02.2007
7
8
24
33
44
45
8
14
17.02.2007
1
14
31
34
39
49
2
15
21.02.2007
13
14
23
38
41
43
8
16
24.02.2007
8
11
13
14
33
36
4
17
28.02.2007
13
14
26
28
31
43
8
18
03.03.2007
4
7
16
23
26
29
9
19
07.03.2007
9
17
19
24
43
49
7
20
10.03.2007
5
18
23
30
42
49
0
21
14.03.2007
3
5
15
22
24
37
5
22
17.03.2007
6
9
10
11
22
26
2
23
21.03.2007
2
3
6
11
31
33
7
24
24.03.2007
1
24
25
28
29
32
4
25
28.03.2007
3
11
15
26
27
41
0
26
31.03.2007
2
15
28
31
33
35
8
27
04.04.2007
3
5
7
21
31
43
4
28
07.04.2007
6
8
17
29
33
49
9
29
11.04.2007
7
10
15
17
22
47
0
30
14.04.2007
34
37
41
44
45
49
5
31
18.04.2007
14
22
31
37
39
45
6
32
21.04.2007
1
3
6
13
19
46
6
33
25.04.2007
7
13
34
36
42
43
5
34
28.04.2007
8
15
19
30
37
39
5
35
02.05.2007
22
23
30
34
40
48
5
36
05.05.2007
13
15
20
32
37
49
1
37
09.05.2007
8
15
22
44
46
47
0
38
12.05.2007
17
21
22
28
31
42
7
39
16.05.2007
10
12
16
23
40
42
2
40
19.05.2007
4
7
9
21
29
34
7
41
23.05.2007
9
10
19
20
31
45
8
42
26.05.2007
1
17
25
26
41
42
7
43
30.05.2007
14
18
23
27
34
39
2
44
02.06.2007
13
18
24
28
31
44
1
45
06.06.2007
4
12
25
29
44
45
0
46
09.06.2007
19
22
23
31
32
42
1
47
13.06.2007
3
6
16
23
38
45
6
48
16.06.2007
2
18
26
34
39
49
0
49
20.06.2007
3
7
11
12
17
39
8
50
23.06.2007
10
25
29
33
36
41
3
51
27.06.2007
3
4
8
10
17
34
1
52
30.06.2007
1
2
5
16
31
36
9
53
04.07.2007
16
20
21
24
30
38
3
54
07.07.2007
8
11
23
25
27
34
7
55
11.07.2007
6
15
28
46
47
49
8
56
14.07.2007
3
9
10
11
23
33
5
57
18.07.2007
4
20
24
27
36
39
5
58
21.07.2007
4
14
20
29
36
44
5
59
25.07.2007
13
20
23
26
35
43
6
60
28.07.2007
6
8
14
18
28
33
9
61
01.08.2007
7
14
17
33
40
42
5
62
04.08.2007
4
7
20
30
32
43
8
63
08.08.2007
7
13
17
24
37
44
3
64
11.08.2007
4
6
11
17
19
42
1
65
15.08.2007
1
13
27
28
31
37
7
66
18.08.2007
1
8
11
23
24
45
5
67
22.08.2007
14
31
33
38
39
49
4
68
25.08.2007
11
22
30
44
48
49
4
69
29.08.2007
2
7
16
20
31
43
5
70
01.09.2007
8
26
33
41
43
45
6
71
05.09.2007
1
9
24
30
31
48
4
72
08.09.2007
2
14
26
27
31
34
4
73
12.09.2007
1
28
31
36
38
49
6
74
15.09.2007
1
21
27
28
36
49
0
75
19.09.2007
6
14
28
32
34
40
0
76
22.09.2007
3
6
11
34
36
41
2
77
26.09.2007
11
15
31
34
39
43
7
78
29.09.2007
9
20
22
27
29
40
0
79
03.10.2007
2
14
33
42
48
49
9
80
06.10.2007
3
6
12
25
26
45
2
81
10.10.2007
13
15
25
29
34
36
7
82
13.10.2007
3
9
10
24
41
47
1
83
17.10.2007
22
26
34
42
43
46
9
84
20.10.2007
17
28
34
36
37
49
4
85
24.10.2007
7
14
15
20
23
46
2
86
27.10.2007
3
4
8
12
16
47
7
87
31.10.2007
6
22
29
34
46
49
6
88
03.11.2007
2
11
13
15
21
41
8
89
07.11.2007
6
10
18
28
33
38
8
90
10.11.2007
1
3
5
12
15
41
4
91
14.11.2007
2
8
27
45
47
48
5
92
17.11.2007
1
9
15
26
30
42
1
93
21.11.2007
25
34
40
41
43
47
8
94
24.11.2007
13
14
39
42
45
49
4
95
28.11.2007
7
8
10
16
40
49
0
96
01.12.2007
12
21
23
29
35
41
0
97
05.12.2007
9
10
24
28
39
42
3
98
08.12.2007
1
2
19
24
25
47
0
99
12.12.2007
10
13
23
34
44
46
1
100
15.12.2007
3
13
18
26
37
49
6
101
19.12.2007
3
7
29
32
37
45
0
102
22.12.2007
9
10
33
34
41
45
9
103
26.12.2007
12
13
17
20
31
37
2
104
29.12.2007
2
12
23
26
28
42
5