1
02.01.2013
3
18
21
36
41
44
0
2
05.01.2013
22
26
39
45
47
49
0
3
09.01.2013
6
7
22
26
36
43
9
4
12.01.2013
7
10
11
15
43
48
8
5
16.01.2013
3
8
11
14
18
26
3
6
19.01.2013
23
27
28
39
45
47
6
7
23.01.2013
3
4
8
12
22
28
3
8
26.01.2013
12
28
31
33
36
37
4
9
30.01.2013
2
4
5
26
27
36
2
10
02.02.2013
2
4
17
28
34
44
2
11
06.02.2013
7
14
16
24
31
32
4
12
09.02.2013
5
20
22
26
29
47
5
13
13.02.2013
4
6
11
14
15
38
5
14
16.02.2013
6
22
23
24
33
39
1
15
20.02.2013
5
6
20
27
36
45
7
16
23.02.2013
17
26
35
44
46
49
2
17
27.02.2013
5
6
16
25
28
33
9
18
02.03.2013
2
4
14
17
45
48
8
19
06.03.2013
2
6
10
14
15
29
9
20
09.03.2013
2
12
14
20
39
47
7
21
13.03.2013
3
26
29
32
38
46
7
22
16.03.2013
4
10
17
34
39
42
7
23
20.03.2013
5
10
17
24
35
37
7
24
23.03.2013
9
16
30
37
41
49
2
25
27.03.2013
1
2
3
13
21
38
9
26
30.03.2013
7
30
31
35
39
46
3
27
03.04.2013
16
21
23
29
31
38
4
28
06.04.2013
5
7
17
30
32
34
0
29
10.04.2013
26
27
31
32
43
45
5
30
13.04.2013
10
15
26
28
35
45
2
31
17.04.2013
9
24
35
37
38
45
7
32
20.04.2013
6
28
31
36
38
48
9
33
24.04.2013
7
14
19
39
48
49
0
34
27.04.2013
3
10
11
28
32
43
3
35
01.05.2013
9
12
15
16
22
28
9
36
04.05.2013
5
7
11
21
22
48
8
37
08.05.2013
4
6
11
22
30
42
7
38
11.05.2013
3
7
31
32
40
41
2
39
15.05.2013
2
4
16
29
38
45
2
40
18.05.2013
1
2
16
20
22
32
6
41
22.05.2013
6
8
23
24
35
36
8
42
25.05.2013
3
17
23
25
29
44
0
43
29.05.2013
2
5
7
14
40
41
5
44
01.06.2013
2
13
28
30
32
36
1
45
05.06.2013
19
21
30
39
47
49
1
46
08.06.2013
3
12
26
30
38
47
3
47
12.06.2013
5
6
7
10
15
23
6
48
15.06.2013
6
14
16
25
43
49
1
49
19.06.2013
3
18
19
29
42
49
5
50
22.06.2013
5
10
19
31
35
43
8
51
26.06.2013
2
22
31
32
39
43
2
52
29.06.2013
7
22
28
36
43
44
9
53
03.07.2013
7
9
13
14
17
36
2
54
06.07.2013
3
8
11
17
20
49
9
55
10.07.2013
11
16
19
29
41
43
9
56
13.07.2013
3
18
28
29
38
48
1
57
17.07.2013
11
17
20
26
28
38
3
58
20.07.2013
3
11
18
29
33
46
4
59
24.07.2013
2
8
15
28
31
36
6
60
27.07.2013
11
20
30
31
34
40
0
61
31.07.2013
3
6
26
38
39
47
7
62
03.08.2013
6
19
25
31
40
47
2
63
07.08.2013
11
14
16
24
36
42
4
64
10.08.2013
3
9
17
31
36
39
7
65
14.08.2013
3
8
9
34
35
39
3
66
17.08.2013
13
17
19
25
28
42
8
67
21.08.2013
5
15
21
27
29
48
1
68
24.08.2013
2
6
25
27
29
30
3
69
28.08.2013
2
3
22
29
35
37
9
70
31.08.2013
1
22
26
37
39
44
4
71
04.09.2013
1
17
19
31
34
38
9
72
07.09.2013
12
22
24
37
41
43
9
73
11.09.2013
12
16
28
40
42
48
3
74
14.09.2013
10
21
22
23
30
40
2
75
18.09.2013
4
11
20
21
30
46
3
76
21.09.2013
8
13
22
32
40
43
8
77
25.09.2013
7
14
26
30
33
43
3
78
28.09.2013
3
23
31
32
37
41
2
79
02.10.2013
17
27
42
43
46
47
3
80
05.10.2013
3
9
12
35
44
48
5
81
09.10.2013
9
11
22
29
46
48
3
82
12.10.2013
14
25
29
38
44
46
9
83
16.10.2013
9
32
38
40
44
49
8
84
19.10.2013
4
10
14
24
38
40
5
85
23.10.2013
7
16
21
23
26
33
7
86
26.10.2013
9
18
20
22
24
25
2
87
30.10.2013
10
12
13
30
36
45
1
88
02.11.2013
9
12
15
19
24
38
5
89
06.11.2013
12
13
22
30
35
36
2
90
09.11.2013
6
12
13
28
32
33
7
91
13.11.2013
5
12
15
16
35
46
1
92
16.11.2013
9
19
24
39
42
43
4
93
20.11.2013
9
16
19
24
36
42
5
94
23.11.2013
7
12
19
30
33
35
5
95
27.11.2013
11
28
31
36
38
42
7
96
30.11.2013
1
24
30
33
39
47
7
97
04.12.2013
13
20
22
41
42
49
6
98
07.12.2013
4
9
15
19
26
48
0
99
11.12.2013
7
18
22
38
39
49
6
100
14.12.2013
5
6
17
19
27
38
3
101
18.12.2013
2
12
18
34
35
44
9
102
21.12.2013
4
5
17
25
27
35
5
103
25.12.2013
4
26
27
40
44
46
8
104
28.12.2013
6
9
10
22
32
43
3