1
03.01.2015
17
19
28
36
37
38
6
2
07.01.2015
10
17
41
42
43
46
3
3
10.01.2015
5
11
19
20
32
43
6
4
14.01.2015
1
19
33
38
39
46
5
5
17.01.2015
8
11
22
29
46
47
1
6
21.01.2015
11
12
15
29
41
48
9
7
24.01.2015
1
7
18
27
37
47
8
8
28.01.2015
6
8
22
38
43
47
6
9
31.01.2015
7
27
42
45
46
47
5
10
04.02.2015
21
22
29
37
40
49
2
11
07.02.2015
12
13
14
23
25
47
9
12
11.02.2015
6
25
26
27
28
47
5
13
14.02.2015
21
23
29
36
41
42
3
14
18.02.2015
24
27
31
42
44
46
6
15
21.02.2015
3
18
31
35
41
42
1
16
25.02.2015
20
25
27
30
38
43
0
17
28.02.2015
2
20
25
41
45
49
0
18
04.03.2015
3
16
22
36
46
48
7
19
07.03.2015
1
6
7
16
19
41
5
20
11.03.2015
4
8
10
28
32
42
6
21
14.03.2015
15
21
23
39
43
48
1
22
18.03.2015
6
12
23
25
40
46
9
23
21.03.2015
3
4
5
19
30
41
1
24
25.03.2015
13
16
19
27
39
48
1
25
28.03.2015
6
7
26
27
30
46
4
26
01.04.2015
7
16
22
29
32
38
8
27
04.04.2015
12
20
23
28
34
43
8
28
08.04.2015
14
20
37
41
44
47
9
29
11.04.2015
2
11
15
36
46
47
6
30
15.04.2015
14
29
33
37
39
46
7
31
18.04.2015
3
5
14
17
39
44
7
32
22.04.2015
4
11
21
22
34
35
7
33
25.04.2015
1
3
7
11
23
36
6
34
29.04.2015
7
9
20
38
41
43
6
35
02.05.2015
3
6
7
9
18
45
9
36
06.05.2015
2
6
26
38
40
43
7
37
09.05.2015
7
13
14
29
35
41
3
38
13.05.2015
3
7
20
27
39
49
1
39
16.05.2015
14
15
16
34
40
47
5
40
20.05.2015
2
11
26
30
33
38
7
41
23.05.2015
4
6
14
27
28
46
0
42
27.05.2015
4
8
11
12
14
29
2
43
30.05.2015
2
3
11
24
31
44
0
44
03.06.2015
8
20
23
24
37
48
6
45
06.06.2015
15
16
22
29
41
48
0
46
10.06.2015
2
12
22
34
40
45
0
47
13.06.2015
1
4
5
18
26
43
0
48
17.06.2015
8
12
15
37
41
48
2
49
20.06.2015
6
16
21
32
35
38
4
50
24.06.2015
16
20
31
33
42
45
3
51
27.06.2015
3
19
28
29
33
41
7
52
01.07.2015
10
11
35
37
41
42
2
53
04.07.2015
14
17
18
32
42
47
1
54
08.07.2015
5
12
13
33
38
39
4
55
11.07.2015
11
19
20
30
35
42
9
56
15.07.2015
9
18
34
43
45
48
2
57
18.07.2015
5
17
18
30
31
42
6
58
22.07.2015
18
19
20
22
33
43
7
59
25.07.2015
4
17
30
41
46
47
6
60
29.07.2015
18
25
30
37
39
44
5
61
01.08.2015
4
7
16
20
31
36
4
62
05.08.2015
7
10
15
35
38
39
1
63
08.08.2015
7
13
29
36
42
48
0
64
12.08.2015
6
10
15
24
28
45
9
65
15.08.2015
3
9
14
26
30
42
3
66
19.08.2015
16
22
24
28
38
48
2
67
22.08.2015
2
3
26
44
45
46
7
68
26.08.2015
3
16
26
30
36
42
2
69
29.08.2015
8
12
16
23
28
44
8
70
02.09.2015
2
3
16
18
20
35
1
71
05.09.2015
1
12
13
22
43
47
1
72
09.09.2015
2
19
26
28
44
46
2
73
12.09.2015
2
6
15
22
26
28
5
74
16.09.2015
1
4
5
24
30
42
2
75
19.09.2015
8
12
17
29
37
44
3
76
23.09.2015
10
14
18
24
33
44
9
77
26.09.2015
6
15
16
31
33
34
7
78
30.09.2015
1
2
16
22
39
49
8
79
03.10.2015
18
31
32
33
40
41
8
80
07.10.2015
7
11
12
25
28
33
4
81
10.10.2015
5
26
37
38
40
49
1
82
14.10.2015
15
17
22
28
29
41
5
83
17.10.2015
9
10
19
23
28
41
0
84
21.10.2015
4
17
18
24
39
49
2
85
24.10.2015
4
6
18
22
29
36
2
86
28.10.2015
1
18
29
33
47
49
0
87
31.10.2015
7
9
17
26
29
40
9
88
04.11.2015
5
12
24
33
40
45
6
89
07.11.2015
4
11
17
25
39
48
4
90
11.11.2015
14
15
20
25
28
41
3
91
14.11.2015
1
8
24
29
31
48
3
92
18.11.2015
9
19
21
33
48
49
9
93
21.11.2015
12
17
23
29
42
46
8
94
25.11.2015
14
19
36
41
43
46
9
95
28.11.2015
3
6
10
24
37
47
1
96
02.12.2015
3
10
12
26
31
44
8
97
05.12.2015
6
12
29
35
42
47
7
98
09.12.2015
3
30
32
37
44
48
4
99
12.12.2015
1
3
6
24
31
43
6
100
16.12.2015
9
13
21
24
27
36
3
101
19.12.2015
1
7
10
22
33
46
1
102
23.12.2015
13
18
21
32
34
47
8
103
26.12.2015
9
15
19
22
40
41
5
104
30.12.2015
8
14
17
26
27
45
4