1
02.01.2008
2
7
10
27
30
49
2
2
05.01.2008
9
10
17
33
37
45
7
3
09.01.2008
26
28
30
38
40
41
2
4
12.01.2008
3
4
10
11
45
47
7
5
16.01.2008
8
16
19
27
47
48
0
6
19.01.2008
7
20
22
23
30
31
2
7
23.01.2008
10
11
15
16
28
37
1
8
26.01.2008
4
6
10
20
26
37
8
9
30.01.2008
6
7
12
27
46
48
8
10
02.02.2008
6
9
14
27
28
39
2
11
06.02.2008
4
6
25
26
41
49
9
12
09.02.2008
1
10
13
25
27
45
2
13
13.02.2008
1
7
20
25
33
42
0
14
16.02.2008
6
7
11
22
43
44
6
15
20.02.2008
1
18
22
23
37
42
7
16
23.02.2008
1
12
13
39
40
44
7
17
27.02.2008
9
18
21
34
36
39
0
18
01.03.2008
4
5
19
20
22
39
2
19
05.03.2008
6
12
16
18
34
44
7
20
08.03.2008
6
9
12
22
35
37
8
21
12.03.2008
2
9
22
24
37
44
8
22
15.03.2008
5
7
26
33
40
42
6
23
19.03.2008
4
21
22
34
43
48
4
24
22.03.2008
6
11
31
34
42
43
5
25
26.03.2008
10
17
28
29
34
36
4
26
29.03.2008
10
21
23
29
31
37
8
27
02.04.2008
1
14
31
33
36
48
2
28
05.04.2008
3
5
9
27
34
48
1
29
09.04.2008
2
8
27
31
35
42
4
30
12.04.2008
5
22
23
34
41
42
2
31
16.04.2008
9
10
11
28
40
46
1
32
19.04.2008
10
13
23
24
38
48
7
33
23.04.2008
2
8
26
32
35
39
9
34
26.04.2008
3
8
14
25
33
43
3
35
30.04.2008
4
5
37
39
40
45
3
36
03.05.2008
8
10
20
29
30
44
7
37
07.05.2008
16
24
30
31
36
49
9
38
10.05.2008
9
11
12
23
24
31
2
39
14.05.2008
8
13
18
29
38
41
1
40
17.05.2008
8
20
22
25
34
35
7
41
21.05.2008
2
10
16
21
45
48
0
42
24.05.2008
2
6
9
34
37
46
5
43
28.05.2008
3
9
24
31
32
34
6
44
31.05.2008
7
12
17
22
27
41
6
45
04.06.2008
7
8
27
30
43
47
4
46
07.06.2008
7
17
19
20
42
47
4
47
11.06.2008
16
24
31
41
44
47
2
48
14.06.2008
21
24
30
32
36
44
1
49
18.06.2008
3
4
32
39
40
43
5
50
21.06.2008
2
15
30
32
43
45
5
51
25.06.2008
13
20
30
32
37
47
4
52
28.06.2008
5
7
9
21
30
46
6
53
02.07.2008
1
9
12
22
23
27
6
54
05.07.2008
6
7
11
15
42
49
2
55
09.07.2008
9
11
12
21
34
44
4
56
12.07.2008
2
4
10
22
27
40
7
57
16.07.2008
15
17
24
27
32
37
2
58
19.07.2008
8
15
20
38
41
43
0
59
23.07.2008
2
15
22
25
38
42
4
60
26.07.2008
10
12
15
44
47
49
4
61
30.07.2008
4
23
25
29
36
45
0
62
02.08.2008
1
4
16
34
35
46
5
63
06.08.2008
4
17
22
28
29
40
3
64
09.08.2008
16
26
30
37
38
42
1
65
13.08.2008
4
14
26
32
41
45
2
66
16.08.2008
1
8
19
22
36
42
1
67
20.08.2008
15
16
19
28
36
40
7
68
23.08.2008
4
10
20
26
28
43
7
69
27.08.2008
15
18
20
29
31
33
9
70
30.08.2008
8
11
20
21
36
48
4
71
03.09.2008
3
7
8
38
43
45
2
72
06.09.2008
14
15
20
26
35
49
1
73
10.09.2008
2
10
23
24
32
34
2
74
13.09.2008
2
3
22
27
38
48
4
75
17.09.2008
7
8
17
35
36
47
0
76
20.09.2008
4
6
7
28
34
43
6
77
24.09.2008
3
21
28
39
45
47
4
78
27.09.2008
11
27
28
29
37
39
7
79
01.10.2008
9
11
20
31
35
42
2
80
04.10.2008
4
11
12
16
21
43
1
81
08.10.2008
5
9
11
13
30
39
3
82
11.10.2008
2
5
13
18
22
29
3
83
15.10.2008
4
14
26
34
35
47
8
84
18.10.2008
1
10
21
25
35
36
9
85
22.10.2008
13
15
17
18
20
31
5
86
25.10.2008
1
24
34
43
46
47
3
87
29.10.2008
4
21
26
31
42
45
8
88
01.11.2008
6
25
26
27
28
43
3
89
05.11.2008
2
3
4
12
44
49
2
90
08.11.2008
4
9
16
25
33
42
8
91
12.11.2008
5
16
20
33
41
48
6
92
15.11.2008
3
23
31
39
41
48
5
93
19.11.2008
4
14
17
32
36
44
3
94
22.11.2008
11
12
23
35
41
42
7
95
26.11.2008
2
23
25
32
43
49
4
96
29.11.2008
7
9
12
19
22
43
5
97
03.12.2008
8
15
16
33
44
47
3
98
06.12.2008
5
7
15
23
24
32
8
99
10.12.2008
12
14
15
17
31
38
4
100
13.12.2008
6
13
18
22
44
45
8
101
17.12.2008
1
12
16
24
32
49
8
102
20.12.2008
4
11
19
28
46
48
9
103
24.12.2008
1
22
39
42
43
47
2
104
27.12.2008
3
11
13
16
24
31
0
105
31.12.2008
6
24
29
30
36
49
2