1
03.01.2004
5
15
16
37
41
48
7
2
07.01.2004
10
12
24
44
45
49
7
3
10.01.2004
9
13
14
33
42
45
9
4
14.01.2004
5
17
19
21
23
28
7
5
17.01.2004
20
28
34
35
40
49
0
6
21.01.2004
5
22
29
30
33
49
4
7
24.01.2004
9
12
14
20
26
48
4
8
28.01.2004
15
17
18
27
33
38
2
9
31.01.2004
16
22
30
32
48
49
6
10
04.02.2004
1
2
16
21
31
41
4
11
07.02.2004
14
17
20
23
26
28
1
12
11.02.2004
4
17
27
28
34
39
9
13
14.02.2004
23
25
32
35
37
46
8
14
18.02.2004
20
27
30
40
46
48
3
15
21.02.2004
5
9
14
28
38
49
1
16
25.02.2004
5
11
13
21
28
49
4
17
28.02.2004
1
6
18
24
29
38
5
18
03.03.2004
20
22
29
44
46
49
7
19
06.03.2004
1
3
24
37
38
46
4
20
10.03.2004
4
8
17
38
40
47
2
21
13.03.2004
6
20
21
28
32
48
9
22
17.03.2004
1
12
15
21
29
34
4
23
20.03.2004
3
10
16
24
27
32
4
24
24.03.2004
3
8
9
11
31
44
6
25
27.03.2004
26
28
30
40
47
49
0
26
31.03.2004
13
20
22
23
25
35
4
27
03.04.2004
1
2
10
16
30
43
3
28
07.04.2004
4
6
10
33
34
45
4
29
10.04.2004
3
5
25
43
47
49
6
30
14.04.2004
4
12
13
38
43
47
1
31
17.04.2004
18
24
26
29
32
33
8
32
21.04.2004
1
3
32
33
46
47
1
33
24.04.2004
1
13
30
33
37
40
3
34
28.04.2004
25
29
34
43
45
48
6
35
01.05.2004
8
9
22
27
29
49
6
36
05.05.2004
6
12
25
31
41
46
8
37
08.05.2004
4
11
33
37
43
44
7
38
12.05.2004
5
7
13
23
28
38
7
39
15.05.2004
3
8
23
29
32
34
1
40
19.05.2004
3
13
19
24
27
44
7
41
22.05.2004
5
18
26
31
43
44
7
42
26.05.2004
8
12
17
21
35
40
0
43
29.05.2004
3
4
14
18
24
40
8
44
02.06.2004
10
17
32
38
41
43
4
45
05.06.2004
15
19
31
34
41
44
7
46
09.06.2004
5
11
16
28
32
40
4
47
12.06.2004
3
6
12
13
30
36
9
48
16.06.2004
2
11
14
22
34
47
7
49
19.06.2004
19
22
26
27
31
40
4
50
23.06.2004
8
13
14
19
39
44
4
51
26.06.2004
18
30
31
33
35
40
2
52
30.06.2004
6
8
15
27
33
34
9
53
03.07.2004
4
16
17
20
36
49
5
54
07.07.2004
4
11
12
26
41
45
8
55
10.07.2004
2
4
31
39
40
46
5
56
14.07.2004
6
7
8
34
42
48
4
57
17.07.2004
10
23
24
25
27
41
0
58
21.07.2004
10
11
38
43
45
47
0
59
24.07.2004
2
9
13
27
37
48
0
60
28.07.2004
3
13
30
35
41
49
3
61
31.07.2004
3
6
9
33
44
48
5
62
04.08.2004
8
17
19
33
43
45
3
63
07.08.2004
5
7
26
35
39
45
6
64
11.08.2004
12
18
23
27
32
46
4
65
14.08.2004
3
12
37
40
48
49
1
66
18.08.2004
5
7
8
14
23
33
2
67
21.08.2004
1
6
21
27
31
47
0
68
25.08.2004
2
5
13
19
30
47
9
69
28.08.2004
1
12
21
31
36
40
6
70
01.09.2004
17
31
32
41
42
43
4
71
04.09.2004
1
3
4
11
19
40
4
72
08.09.2004
3
9
20
38
39
45
2
73
11.09.2004
6
10
12
16
17
31
9
74
15.09.2004
1
26
27
28
29
31
6
75
18.09.2004
1
5
17
22
26
41
0
76
22.09.2004
2
6
12
14
28
40
4
77
25.09.2004
5
7
28
33
39
42
2
78
29.09.2004
1
14
28
29
43
45
1
79
02.10.2004
11
19
28
29
42
45
5
80
06.10.2004
9
23
29
37
39
43
0
81
09.10.2004
11
15
21
22
27
47
9
82
13.10.2004
11
12
13
20
32
42
8
83
16.10.2004
6
7
21
23
28
29
7
84
20.10.2004
6
7
10
18
35
43
3
85
23.10.2004
26
29
32
34
40
48
7
86
27.10.2004
7
27
29
31
37
38
3
87
30.10.2004
10
27
30
39
40
47
7
88
03.11.2004
5
8
15
22
35
48
5
89
06.11.2004
16
24
33
36
45
47
9
90
10.11.2004
7
8
19
25
28
45
4
91
13.11.2004
5
27
41
42
43
46
9
92
17.11.2004
5
15
17
24
26
43
9
93
20.11.2004
7
18
19
33
46
49
6
94
24.11.2004
7
8
31
35
36
49
5
95
27.11.2004
18
27
36
39
41
47
0
96
01.12.2004
3
10
13
28
38
45
2
97
04.12.2004
2
8
17
36
38
40
1
98
08.12.2004
4
14
15
25
30
32
3
99
11.12.2004
3
7
9
33
35
42
2
100
15.12.2004
6
13
19
34
45
48
9
101
18.12.2004
1
10
12
16
22
30
9
102
22.12.2004
5
15
16
19
20
43
0
103
25.12.2004
9
13
22
41
47
48
6
104
29.12.2004
4
5
25
26
28
39
7