1
02.01.2002
13
21
25
34
35
46
1
2
05.01.2002
12
24
27
29
43
49
1
3
09.01.2002
4
24
37
39
43
47
8
4
12.01.2002
3
11
13
25
30
37
7
5
16.01.2002
19
22
25
26
28
42
3
6
19.01.2002
2
8
16
20
42
46
6
7
23.01.2002
21
31
32
34
38
46
6
8
26.01.2002
1
11
12
26
42
47
0
9
30.01.2002
7
13
29
39
42
46
6
10
02.02.2002
3
18
27
31
36
47
3
11
06.02.2002
6
18
25
33
34
45
3
12
09.02.2002
7
10
21
31
41
45
1
13
13.02.2002
1
5
6
11
17
45
4
14
16.02.2002
1
8
9
29
33
48
1
15
20.02.2002
2
11
22
25
38
40
6
16
23.02.2002
7
22
23
38
47
49
8
17
27.02.2002
4
17
25
32
37
45
5
18
02.03.2002
4
20
28
30
47
49
5
19
06.03.2002
7
11
22
25
33
44
1
20
09.03.2002
4
5
38
40
43
44
5
21
13.03.2002
30
31
32
33
37
43
7
22
16.03.2002
2
7
25
27
39
44
9
23
20.03.2002
4
9
13
35
40
44
6
24
23.03.2002
10
15
17
18
47
48
8
25
27.03.2002
1
5
8
27
36
48
6
26
30.03.2002
4
8
37
38
43
44
7
27
03.04.2002
8
13
16
20
33
37
0
28
06.04.2002
5
7
17
23
24
46
1
29
10.04.2002
9
13
16
18
38
41
7
30
13.04.2002
9
18
27
29
33
36
9
31
17.04.2002
3
4
13
34
43
47
5
32
20.04.2002
6
7
11
39
42
49
9
33
24.04.2002
4
15
42
43
46
48
9
34
27.04.2002
1
6
8
10
21
42
2
35
01.05.2002
1
8
11
22
26
42
0
36
04.05.2002
32
34
38
39
47
49
8
37
08.05.2002
4
35
36
38
43
46
9
38
11.05.2002
14
16
29
40
43
46
8
39
15.05.2002
13
23
26
27
34
46
6
40
18.05.2002
9
15
34
38
43
44
4
41
22.05.2002
4
8
21
25
33
41
7
42
25.05.2002
1
5
7
19
22
31
3
43
29.05.2002
1
5
7
14
22
42
6
44
01.06.2002
3
7
11
18
36
48
7
45
05.06.2002
16
25
28
41
44
47
4
46
08.06.2002
6
11
28
34
38
46
7
47
12.06.2002
17
23
29
36
41
43
6
48
15.06.2002
5
16
23
36
37
39
2
49
19.06.2002
13
14
30
37
41
42
1
50
22.06.2002
7
8
10
18
27
49
6
51
26.06.2002
11
21
32
41
42
46
4
52
29.06.2002
5
6
25
29
30
44
4
53
03.07.2002
7
9
12
13
14
49
5
54
06.07.2002
6
13
16
19
39
45
8
55
10.07.2002
4
17
25
40
47
48
2
56
13.07.2002
1
2
21
30
36
43
5
57
17.07.2002
14
21
26
27
28
39
4
58
20.07.2002
3
11
24
31
34
36
3
59
24.07.2002
11
12
18
19
41
42
6
60
27.07.2002
8
10
26
39
40
41
9
61
31.07.2002
4
12
16
26
34
40
0
62
03.08.2002
5
7
18
26
27
44
8
63
07.08.2002
4
9
14
38
41
45
4
64
10.08.2002
9
10
13
26
31
34
2
65
14.08.2002
1
11
18
22
26
31
3
66
17.08.2002
4
5
7
20
29
44
2
67
21.08.2002
9
15
22
26
34
41
0
68
24.08.2002
3
16
19
25
27
34
4
69
28.08.2002
13
22
34
36
37
44
7
70
31.08.2002
21
35
39
40
41
43
2
71
04.09.2002
27
29
34
38
41
44
5
72
07.09.2002
16
17
18
19
29
37
6
73
11.09.2002
12
23
24
25
28
45
1
74
14.09.2002
8
20
23
27
30
39
4
75
18.09.2002
20
24
25
37
39
49
1
76
21.09.2002
8
11
14
36
37
48
9
77
25.09.2002
3
4
7
25
36
38
5
78
28.09.2002
6
10
12
28
29
40
0
79
02.10.2002
4
18
21
27
38
46
9
80
05.10.2002
1
11
26
30
33
39
5
81
09.10.2002
7
19
31
34
37
42
3
82
12.10.2002
6
7
12
16
17
35
0
83
16.10.2002
9
11
21
25
37
40
2
84
19.10.2002
1
21
28
34
42
43
5
85
23.10.2002
1
5
13
14
31
37
7
86
26.10.2002
15
16
30
34
41
43
4
87
30.10.2002
7
25
30
31
34
49
6
88
02.11.2002
5
7
17
30
34
44
8
89
06.11.2002
21
23
29
33
43
44
4
90
09.11.2002
1
24
27
32
38
43
6
91
13.11.2002
6
8
19
26
34
47
5
92
16.11.2002
3
7
13
14
24
44
4
93
20.11.2002
22
24
26
31
40
49
5
94
23.11.2002
12
16
32
34
43
44
3
95
27.11.2002
18
21
23
32
39
44
3
96
30.11.2002
7
9
10
11
43
47
7
97
04.12.2002
3
6
9
26
30
46
1
98
07.12.2002
6
8
9
24
34
40
1
99
11.12.2002
9
11
23
32
33
39
3
100
14.12.2002
3
6
13
17
22
38
2
101
18.12.2002
24
30
36
37
44
48
4
102
21.12.2002
11
12
19
22
41
48
8
103
25.12.2002
6
14
17
25
34
49
6
104
28.12.2002
13
17
24
27
35
42
4