1
04.01.2006
5
11
12
13
20
41
7
2
07.01.2006
3
17
19
21
26
31
5
3
11.01.2006
1
4
5
16
19
26
3
4
14.01.2006
10
14
19
27
31
39
0
5
18.01.2006
12
13
14
18
27
44
7
6
21.01.2006
6
17
20
27
35
39
4
7
25.01.2006
4
13
17
23
36
49
0
8
28.01.2006
5
33
37
38
40
49
3
9
01.02.2006
7
13
22
23
35
38
6
10
04.02.2006
26
27
28
35
39
43
4
11
08.02.2006
1
5
6
12
29
34
1
12
11.02.2006
1
10
14
26
45
49
8
13
15.02.2006
11
17
19
20
26
30
3
14
18.02.2006
4
5
6
18
21
40
7
15
22.02.2006
6
7
14
15
30
48
5
16
25.02.2006
9
10
17
18
21
36
5
17
01.03.2006
2
19
22
37
41
48
9
18
04.03.2006
7
11
17
23
36
37
5
19
08.03.2006
4
9
15
19
30
33
8
20
11.03.2006
3
9
12
36
46
48
8
21
15.03.2006
1
3
9
10
14
38
2
22
18.03.2006
5
9
17
38
43
47
3
23
22.03.2006
3
4
9
19
24
40
3
24
25.03.2006
3
10
12
21
28
32
3
25
29.03.2006
3
10
16
17
26
30
3
26
01.04.2006
4
6
21
25
35
39
3
27
05.04.2006
9
21
27
30
32
46
1
28
08.04.2006
3
10
17
25
44
46
7
29
12.04.2006
15
20
23
46
47
48
9
30
15.04.2006
2
4
5
8
18
40
7
31
19.04.2006
11
13
18
32
41
47
4
32
22.04.2006
3
9
24
35
39
44
5
33
26.04.2006
12
16
17
31
34
43
7
34
29.04.2006
12
22
25
37
38
48
1
35
03.05.2006
5
10
18
23
35
44
7
36
06.05.2006
5
15
26
28
31
37
8
37
10.05.2006
6
24
33
35
39
47
4
38
13.05.2006
9
12
26
27
40
45
1
39
17.05.2006
1
22
31
35
40
45
3
40
20.05.2006
10
19
25
40
42
49
7
41
24.05.2006
2
17
21
31
45
47
8
42
27.05.2006
14
22
29
30
35
43
4
43
31.05.2006
11
26
33
45
48
49
4
44
03.06.2006
1
3
10
17
24
49
8
45
07.06.2006
1
7
23
29
34
45
4
46
10.06.2006
13
19
20
25
29
44
3
47
14.06.2006
5
7
12
17
29
45
4
48
17.06.2006
10
31
40
41
45
49
9
49
21.06.2006
18
19
34
43
45
48
3
50
24.06.2006
5
13
22
30
47
48
3
51
28.06.2006
4
6
8
14
41
42
1
52
01.07.2006
6
12
18
25
27
35
3
53
05.07.2006
7
10
19
32
34
41
9
54
08.07.2006
9
24
28
30
31
49
6
55
12.07.2006
6
22
27
34
35
43
5
56
15.07.2006
5
25
28
30
40
41
0
57
19.07.2006
5
25
31
44
46
47
0
58
22.07.2006
3
5
25
31
37
41
8
59
26.07.2006
4
11
18
20
30
49
5
60
29.07.2006
13
17
21
25
34
48
0
61
02.08.2006
16
20
23
28
40
43
1
62
05.08.2006
1
7
9
12
43
46
6
63
09.08.2006
4
29
30
33
36
39
5
64
12.08.2006
1
5
14
32
42
48
2
65
16.08.2006
2
19
30
32
41
48
2
66
19.08.2006
4
5
8
24
33
43
4
67
23.08.2006
2
9
12
28
30
38
0
68
26.08.2006
1
4
20
24
25
39
8
69
30.08.2006
21
22
25
37
45
48
1
70
02.09.2006
6
34
36
38
46
48
0
71
06.09.2006
3
5
25
38
39
40
2
72
09.09.2006
2
13
23
42
43
47
1
73
13.09.2006
10
14
17
22
31
39
5
74
16.09.2006
5
7
9
16
17
47
5
75
20.09.2006
1
3
15
22
24
36
3
76
23.09.2006
3
14
31
35
38
48
3
77
27.09.2006
13
20
27
33
38
45
6
78
30.09.2006
10
17
27
35
42
46
2
79
04.10.2006
6
8
12
33
38
42
6
80
07.10.2006
28
30
31
34
41
48
4
81
11.10.2006
19
26
30
40
43
45
4
82
14.10.2006
6
7
30
33
34
39
6
83
18.10.2006
1
8
25
36
37
40
3
84
21.10.2006
1
17
21
24
39
47
8
85
25.10.2006
11
12
30
32
33
46
3
86
28.10.2006
1
7
30
44
48
49
0
87
01.11.2006
10
14
23
40
42
48
0
88
04.11.2006
6
14
28
31
39
46
2
89
08.11.2006
6
10
15
20
27
37
3
90
11.11.2006
1
13
19
28
47
49
4
91
15.11.2006
2
7
21
26
27
49
6
92
18.11.2006
1
2
8
28
38
43
4
93
22.11.2006
12
22
29
33
34
42
4
94
25.11.2006
27
33
34
41
42
49
9
95
29.11.2006
2
13
20
28
42
45
6
96
02.12.2006
4
9
17
42
44
45
2
97
06.12.2006
2
3
6
23
35
39
2
98
09.12.2006
7
12
24
26
33
34
7
99
13.12.2006
5
6
18
20
22
45
8
100
16.12.2006
4
19
23
31
48
49
0
101
20.12.2006
4
10
29
44
46
49
5
102
23.12.2006
3
11
16
36
38
41
3
103
27.12.2006
9
13
15
26
38
43
3
104
30.12.2006
1
16
23
39
44
47
9