1
01.01.2003
11
14
36
41
42
45
2
2
04.01.2003
6
17
18
19
24
44
6
3
08.01.2003
2
27
30
31
32
37
5
4
11.01.2003
9
12
32
38
43
48
7
5
15.01.2003
3
5
29
37
42
49
0
6
18.01.2003
6
17
35
39
41
49
8
7
22.01.2003
2
14
19
27
40
44
2
8
25.01.2003
6
9
13
18
37
47
9
9
29.01.2003
24
27
30
33
35
47
6
10
01.02.2003
20
36
38
43
44
47
7
11
05.02.2003
8
11
12
23
35
47
6
12
08.02.2003
8
25
32
33
38
48
9
13
12.02.2003
10
31
33
35
41
42
7
14
15.02.2003
4
6
12
18
24
30
4
15
19.02.2003
19
23
24
34
40
43
5
16
22.02.2003
8
22
23
31
35
49
5
17
26.02.2003
10
11
14
17
19
39
9
18
01.03.2003
10
14
18
30
40
45
8
19
05.03.2003
4
20
26
36
43
49
0
20
08.03.2003
12
14
17
39
45
46
7
21
12.03.2003
6
7
19
33
34
37
5
22
15.03.2003
7
13
33
42
46
47
6
23
19.03.2003
9
16
20
23
33
37
1
24
22.03.2003
17
28
36
44
45
47
7
25
26.03.2003
15
16
25
32
37
44
7
26
29.03.2003
14
16
18
22
43
46
5
27
02.04.2003
1
14
16
17
19
21
9
28
05.04.2003
1
3
9
19
42
47
1
29
09.04.2003
5
11
17
20
39
48
3
30
12.04.2003
13
14
27
32
34
40
1
31
16.04.2003
4
5
8
34
35
42
6
32
19.04.2003
3
4
10
16
31
46
1
33
23.04.2003
5
6
9
14
25
46
7
34
26.04.2003
8
17
24
26
31
45
9
35
30.04.2003
17
22
23
26
30
45
7
36
03.05.2003
5
14
23
32
41
48
3
37
07.05.2003
9
12
13
25
29
33
2
38
10.05.2003
7
9
11
13
20
38
4
39
14.05.2003
15
25
28
38
40
45
6
40
17.05.2003
1
10
22
35
37
44
3
41
21.05.2003
10
19
28
29
33
35
2
42
24.05.2003
3
14
15
28
33
46
5
43
28.05.2003
8
20
31
39
40
46
5
44
31.05.2003
12
21
24
26
29
38
1
45
04.06.2003
3
11
32
34
36
43
5
46
07.06.2003
2
34
37
38
41
44
7
47
11.06.2003
6
20
22
31
38
49
9
48
14.06.2003
2
5
21
23
38
48
1
49
18.06.2003
10
12
13
24
37
41
5
50
21.06.2003
17
19
23
26
34
47
8
51
25.06.2003
5
10
11
27
39
48
3
52
28.06.2003
9
13
14
16
28
47
0
53
02.07.2003
1
14
20
29
45
46
2
54
05.07.2003
2
8
10
39
45
46
6
55
09.07.2003
2
7
9
36
42
46
6
56
12.07.2003
4
5
21
25
28
47
5
57
16.07.2003
5
10
15
23
29
33
8
58
19.07.2003
15
18
24
28
30
44
1
59
23.07.2003
2
15
17
41
42
49
6
60
26.07.2003
6
7
18
31
36
37
8
61
30.07.2003
8
17
37
39
40
45
6
62
02.08.2003
1
2
3
12
15
21
3
63
06.08.2003
7
17
25
35
38
45
6
64
09.08.2003
1
2
11
12
31
34
8
65
13.08.2003
3
6
9
18
27
48
5
66
16.08.2003
4
12
14
17
38
45
6
67
20.08.2003
24
38
42
44
45
48
5
68
23.08.2003
2
6
7
15
31
34
6
69
27.08.2003
5
8
19
23
35
48
0
70
30.08.2003
7
19
25
33
42
49
7
71
03.09.2003
4
5
9
16
18
43
6
72
06.09.2003
4
8
15
16
18
26
9
73
10.09.2003
17
19
20
35
40
48
3
74
13.09.2003
11
18
19
22
25
42
2
75
17.09.2003
3
13
23
34
35
48
5
76
20.09.2003
3
11
26
27
34
47
8
77
24.09.2003
17
20
22
25
43
46
6
78
27.09.2003
7
17
35
39
40
44
5
79
01.10.2003
5
9
14
18
32
38
4
80
04.10.2003
11
16
19
25
30
49
1
81
08.10.2003
8
15
16
34
40
46
3
82
11.10.2003
7
28
31
33
35
47
6
83
15.10.2003
1
4
24
31
32
33
4
84
18.10.2003
4
15
32
35
37
41
0
85
22.10.2003
1
6
8
19
26
44
3
86
25.10.2003
24
25
27
35
38
49
9
87
29.10.2003
9
11
20
25
43
47
8
88
01.11.2003
4
18
21
22
32
43
5
89
05.11.2003
8
10
13
27
32
48
6
90
08.11.2003
16
27
31
41
44
47
9
91
12.11.2003
10
14
25
36
41
46
0
92
15.11.2003
4
19
22
33
36
38
8
93
19.11.2003
5
10
18
27
32
39
6
94
22.11.2003
5
8
25
31
37
39
8
95
26.11.2003
5
26
27
28
29
37
2
96
29.11.2003
4
8
28
31
48
49
7
97
03.12.2003
9
16
18
41
47
48
4
98
06.12.2003
20
24
33
35
41
43
2
99
10.12.2003
1
9
15
24
30
43
5
100
13.12.2003
5
11
26
29
30
44
9
101
17.12.2003
5
11
14
20
39
40
3
102
20.12.2003
2
24
30
31
37
43
5
103
24.12.2003
4
6
9
14
27
31
4
104
27.12.2003
7
17
24
35
36
40
0
105
31.12.2003
4
6
22
31
39
47
8