1
02.01.2016
1
23
30
35
43
47
8
2
06.01.2016
3
12
27
36
42
45
0
3
09.01.2016
10
13
31
34
46
48
6
4
13.01.2016
14
18
19
25
35
46
0
5
16.01.2016
9
21
23
31
34
39
8
6
20.01.2016
7
12
14
15
19
46
3
7
23.01.2016
2
16
25
26
27
40
0
8
27.01.2016
12
14
16
19
29
47
3
9
30.01.2016
18
23
33
34
40
48
9
10
03.02.2016
10
18
19
31
33
47
8
11
06.02.2016
10
16
25
28
34
49
5
12
10.02.2016
2
17
19
32
34
38
4
13
13.02.2016
18
20
30
32
43
45
8
14
17.02.2016
24
26
32
35
38
39
3
15
20.02.2016
1
13
16
29
30
31
6
16
24.02.2016
5
13
23
31
47
48
5
17
27.02.2016
7
10
15
25
37
49
7
18
02.03.2016
1
8
10
16
17
40
9
19
05.03.2016
7
10
33
37
43
46
3
20
09.03.2016
10
13
32
37
46
48
7
21
12.03.2016
20
26
30
39
47
49
4
22
16.03.2016
9
11
26
29
35
46
6
23
19.03.2016
4
10
15
37
44
49
5
24
23.03.2016
9
10
16
22
31
44
0
25
26.03.2016
1
3
31
33
40
41
5
26
30.03.2016
1
5
9
13
26
41
1
27
02.04.2016
1
10
17
23
28
38
6
28
06.04.2016
6
19
25
30
33
42
4
29
09.04.2016
1
4
38
39
46
47
2
30
13.04.2016
2
13
17
35
36
49
7
31
16.04.2016
5
14
15
20
22
38
9
32
20.04.2016
1
5
11
13
20
49
8
33
23.04.2016
8
15
16
17
27
35
4
34
27.04.2016
1
6
9
21
26
37
6
35
30.04.2016
14
26
28
30
36
43
6
36
04.05.2016
2
11
14
35
39
49
5
37
07.05.2016
16
32
34
37
42
44
9
38
11.05.2016
10
19
20
31
39
41
5
39
14.05.2016
5
13
15
26
30
44
9
40
18.05.2016
10
13
19
26
31
41
4
41
21.05.2016
2
5
29
46
47
48
4
42
25.05.2016
6
9
10
21
30
36
6
43
28.05.2016
5
9
17
24
39
45
3
44
01.06.2016
19
25
30
35
40
46
2
45
04.06.2016
5
6
22
31
35
42
3
46
08.06.2016
2
5
30
33
44
48
6
47
11.06.2016
6
13
21
27
38
45
5
48
15.06.2016
7
12
13
33
48
49
7
49
18.06.2016
2
8
12
17
19
27
1
50
22.06.2016
8
19
35
40
41
43
8
51
25.06.2016
2
6
10
11
34
44
3
52
29.06.2016
4
5
28
32
44
49
4
53
02.07.2016
4
6
8
15
26
30
9
54
06.07.2016
4
16
18
37
38
42
0
55
09.07.2016
1
34
37
40
44
49
7
56
13.07.2016
10
14
20
27
33
41
7
57
16.07.2016
1
18
22
30
34
44
5
58
20.07.2016
1
18
20
28
40
49
5
59
23.07.2016
5
25
29
43
47
48
5
60
27.07.2016
5
6
7
17
18
39
1
61
30.07.2016
6
13
23
26
30
33
2
62
03.08.2016
15
21
26
34
42
43
6
63
06.08.2016
6
25
26
33
45
47
0
64
10.08.2016
11
12
17
23
43
49
9
65
13.08.2016
6
14
28
30
37
39
2
66
17.08.2016
2
10
30
34
41
49
1
67
20.08.2016
23
28
30
31
37
45
5
68
24.08.2016
6
14
16
35
42
48
2
69
27.08.2016
1
8
22
32
33
43
9
70
31.08.2016
3
7
31
37
40
41
3
71
03.09.2016
8
14
18
25
30
36
1
72
07.09.2016
7
11
18
19
21
27
0
73
10.09.2016
1
3
6
11
24
43
0
74
14.09.2016
2
3
15
20
31
35
8
75
17.09.2016
3
34
35
37
46
47
2
76
21.09.2016
1
8
11
18
24
29
5
77
24.09.2016
4
15
18
21
32
45
4
78
28.09.2016
11
15
38
41
44
46
2
79
01.10.2016
7
20
25
26
34
37
1
80
05.10.2016
1
5
6
17
28
41
1
81
08.10.2016
14
21
32
33
35
48
5
82
12.10.2016
22
29
35
37
39
47
2
83
15.10.2016
7
13
19
29
38
41
9
84
19.10.2016
16
32
33
40
42
43
5
85
22.10.2016
2
21
26
32
36
48
7
86
26.10.2016
11
15
18
43
44
45
6
87
29.10.2016
5
7
8
26
28
36
8
88
02.11.2016
1
12
19
26
30
48
6
89
05.11.2016
9
32
35
38
42
43
8
90
09.11.2016
6
13
20
33
39
41
5
91
12.11.2016
2
6
9
19
20
47
1
92
16.11.2016
13
19
20
38
39
44
8
93
19.11.2016
1
2
6
15
38
39
3
94
23.11.2016
4
27
28
31
38
44
7
95
26.11.2016
26
32
41
42
45
47
9
96
30.11.2016
1
10
12
19
21
47
6
97
03.12.2016
5
16
39
43
47
48
9
98
07.12.2016
13
18
36
40
42
48
8
99
10.12.2016
11
17
32
34
37
49
3
100
14.12.2016
33
34
38
42
43
44
4
101
17.12.2016
6
24
28
29
34
35
2
102
21.12.2016
3
21
23
38
39
42
7
103
24.12.2016
4
11
18
22
30
45
1
104
28.12.2016
1
3
4
22
29
30
3
105
31.12.2016
27
29
37
42
45
47
3