1
04.01.2012
3
18
24
29
36
46
1
2
07.01.2012
22
24
29
33
37
47
2
3
11.01.2012
8
11
15
34
36
47
5
4
14.01.2012
1
6
7
11
20
32
8
5
18.01.2012
6
7
13
18
32
33
0
6
21.01.2012
26
27
43
45
46
49
4
7
25.01.2012
1
4
6
24
33
47
7
8
28.01.2012
1
16
19
27
37
48
4
9
01.02.2012
3
6
7
18
37
39
1
10
04.02.2012
10
15
24
27
40
45
5
11
08.02.2012
8
13
24
34
45
47
5
12
11.02.2012
2
11
32
34
48
49
1
13
15.02.2012
15
29
35
36
40
41
2
14
18.02.2012
3
13
25
27
40
47
5
15
22.02.2012
4
12
14
19
24
48
7
16
25.02.2012
7
11
14
16
43
48
1
17
29.02.2012
6
11
25
32
35
43
5
18
03.03.2012
4
22
24
33
40
48
9
19
07.03.2012
25
29
33
38
47
49
5
20
10.03.2012
1
10
15
21
26
35
1
21
14.03.2012
3
8
9
13
22
49
9
22
17.03.2012
3
7
23
33
42
43
2
23
21.03.2012
4
14
26
34
38
49
6
24
24.03.2012
22
35
37
39
43
49
7
25
28.03.2012
2
17
22
23
39
42
6
26
31.03.2012
1
25
26
27
40
43
5
27
04.04.2012
19
23
29
37
42
46
8
28
07.04.2012
2
10
12
15
35
44
7
29
11.04.2012
2
4
6
7
16
44
9
30
14.04.2012
26
29
37
39
42
48
8
31
18.04.2012
6
8
21
33
34
35
5
32
21.04.2012
6
7
19
20
24
41
5
33
25.04.2012
3
23
26
40
42
46
7
34
28.04.2012
11
17
20
33
37
47
0
35
02.05.2012
4
14
15
17
20
35
4
36
05.05.2012
5
8
14
28
31
48
5
37
09.05.2012
15
16
17
20
40
45
8
38
12.05.2012
13
18
30
31
34
36
9
39
16.05.2012
16
24
41
44
45
46
5
40
19.05.2012
20
34
36
42
43
47
5
41
23.05.2012
1
23
26
31
36
42
7
42
26.05.2012
5
11
15
34
44
48
4
43
30.05.2012
2
10
21
23
44
45
9
44
02.06.2012
9
13
26
30
37
41
4
45
06.06.2012
1
9
17
27
38
42
8
46
09.06.2012
10
15
17
22
28
31
9
47
13.06.2012
1
29
32
33
40
46
6
48
16.06.2012
1
17
28
33
46
48
8
49
20.06.2012
3
6
17
22
24
28
0
50
23.06.2012
11
13
19
27
33
39
4
51
27.06.2012
2
5
15
31
37
43
1
52
30.06.2012
7
8
20
22
30
41
4
53
04.07.2012
3
6
12
25
33
49
6
54
07.07.2012
6
10
29
30
43
49
2
55
11.07.2012
11
16
21
29
32
43
1
56
14.07.2012
6
9
10
22
29
33
0
57
18.07.2012
20
21
23
29
34
47
9
58
21.07.2012
4
24
26
31
38
40
0
59
25.07.2012
2
8
13
25
44
45
7
60
28.07.2012
16
27
31
37
41
49
7
61
01.08.2012
19
26
32
41
43
44
0
62
04.08.2012
15
18
22
23
38
40
8
63
08.08.2012
12
13
22
41
43
49
4
64
11.08.2012
1
2
3
20
47
49
3
65
15.08.2012
1
12
14
15
34
37
4
66
18.08.2012
5
16
28
32
34
40
4
67
22.08.2012
1
7
11
15
31
49
6
68
25.08.2012
16
17
22
25
27
35
4
69
29.08.2012
22
29
35
38
40
45
3
70
01.09.2012
3
6
7
16
26
48
5
71
05.09.2012
4
7
18
24
37
44
4
72
08.09.2012
19
38
39
41
48
49
3
73
12.09.2012
8
19
26
36
39
49
7
74
15.09.2012
6
8
9
34
41
48
0
75
19.09.2012
1
11
16
20
31
44
4
76
22.09.2012
7
24
40
41
48
49
0
77
26.09.2012
10
12
14
29
40
47
7
78
29.09.2012
1
4
20
34
39
41
0
79
03.10.2012
13
28
35
46
48
49
4
80
06.10.2012
8
20
22
34
44
46
5
81
10.10.2012
13
15
28
38
43
48
3
82
13.10.2012
9
10
36
37
42
43
8
83
17.10.2012
5
10
12
14
46
47
6
84
20.10.2012
6
8
11
15
26
33
9
85
24.10.2012
6
14
18
33
39
44
5
86
27.10.2012
11
23
33
39
44
46
9
87
31.10.2012
3
8
13
30
34
49
5
88
03.11.2012
7
8
26
42
43
46
3
89
07.11.2012
2
6
21
31
46
47
1
90
10.11.2012
2
3
25
28
38
49
1
91
14.11.2012
2
9
11
17
34
45
0
92
17.11.2012
5
7
15
24
32
36
4
93
21.11.2012
1
9
10
24
27
29
2
94
24.11.2012
2
12
23
28
32
48
3
95
28.11.2012
11
21
26
40
42
45
4
96
01.12.2012
2
3
4
6
23
45
3
97
05.12.2012
20
23
24
27
36
38
7
98
08.12.2012
15
19
27
34
42
48
6
99
12.12.2012
1
8
10
11
15
33
5
100
15.12.2012
4
25
27
30
31
40
6
101
19.12.2012
25
27
32
36
40
43
5
102
22.12.2012
11
23
32
38
44
49
4
103
26.12.2012
3
10
13
34
36
43
2
104
29.12.2012
11
25
31
35
38
43
4