1
03.01.2001
13
19
21
34
36
46
2
2
06.01.2001
8
12
17
26
37
42
6
3
10.01.2001
3
4
15
24
27
28
2
4
13.01.2001
4
6
28
31
37
46
4
5
17.01.2001
11
12
20
43
45
49
4
6
20.01.2001
1
3
28
47
48
49
2
7
24.01.2001
6
7
9
18
38
46
9
8
27.01.2001
2
12
13
38
40
43
4
9
31.01.2001
14
16
19
24
30
33
3
10
03.02.2001
3
12
15
28
35
37
2
11
07.02.2001
1
5
10
26
31
40
8
12
10.02.2001
32
34
39
41
42
44
0
13
14.02.2001
2
25
26
31
34
48
6
14
17.02.2001
12
13
16
21
33
49
9
15
21.02.2001
4
5
10
22
25
26
4
16
24.02.2001
4
21
23
29
47
48
9
17
28.02.2001
16
23
30
33
38
49
0
18
03.03.2001
9
34
41
42
43
46
2
19
07.03.2001
1
6
17
29
32
44
6
20
10.03.2001
10
15
21
25
38
48
7
21
14.03.2001
22
26
32
38
39
45
4
22
17.03.2001
5
25
33
41
44
49
5
23
21.03.2001
11
22
26
28
45
49
9
24
24.03.2001
9
11
30
36
45
49
2
25
28.03.2001
14
19
24
25
31
41
9
26
31.03.2001
2
10
14
15
28
44
0
27
04.04.2001
4
12
21
22
24
31
6
28
07.04.2001
3
9
33
36
37
38
3
29
11.04.2001
4
12
24
28
33
36
2
30
14.04.2001
2
9
11
21
24
42
7
31
18.04.2001
1
6
17
19
29
48
6
32
21.04.2001
2
7
18
25
27
48
8
33
25.04.2001
9
13
20
26
31
42
8
34
28.04.2001
3
7
14
33
35
38
3
35
02.05.2001
2
12
14
24
31
44
1
36
05.05.2001
29
36
41
42
44
49
5
37
09.05.2001
4
16
17
26
30
36
3
38
12.05.2001
1
7
28
29
31
46
9
39
16.05.2001
2
16
19
23
33
35
7
40
19.05.2001
1
9
10
11
15
34
1
41
23.05.2001
13
15
31
40
44
46
2
42
26.05.2001
2
8
13
22
42
43
1
43
30.05.2001
16
26
27
35
47
48
3
44
02.06.2001
8
13
23
34
35
39
1
45
06.06.2001
8
9
26
34
42
47
6
46
09.06.2001
2
6
15
31
48
49
3
47
13.06.2001
6
15
17
20
34
41
5
48
16.06.2001
4
17
22
25
32
36
3
49
20.06.2001
1
2
5
8
25
27
9
50
23.06.2001
6
18
29
35
40
42
6
51
27.06.2001
13
17
20
24
27
47
2
52
30.06.2001
6
12
14
16
27
43
9
53
04.07.2001
2
17
31
34
37
43
7
54
07.07.2001
11
22
37
39
40
42
3
55
11.07.2001
1
8
12
27
39
45
7
56
14.07.2001
6
18
22
23
31
38
5
57
18.07.2001
11
12
31
34
44
45
5
58
21.07.2001
21
25
33
37
38
44
1
59
25.07.2001
6
12
13
32
37
39
2
60
28.07.2001
2
6
18
22
23
27
9
61
01.08.2001
9
30
32
34
41
48
6
62
04.08.2001
6
10
17
29
35
47
5
63
08.08.2001
10
17
20
22
40
41
8
64
11.08.2001
2
14
22
24
28
34
6
65
15.08.2001
10
11
23
31
35
47
4
66
18.08.2001
6
7
12
26
29
44
7
67
22.08.2001
3
11
25
35
36
48
8
68
25.08.2001
2
15
28
30
32
41
7
69
29.08.2001
6
16
22
28
34
35
2
70
01.09.2001
1
6
25
27
35
38
8
71
05.09.2001
1
9
25
33
38
44
1
72
08.09.2001
2
4
6
12
28
40
5
73
12.09.2001
4
18
23
26
43
44
5
74
15.09.2001
12
19
26
27
33
38
9
75
19.09.2001
4
10
23
24
25
30
8
76
22.09.2001
12
28
32
33
36
48
1
77
26.09.2001
1
17
21
23
28
46
8
78
29.09.2001
8
20
23
27
28
41
3
79
03.10.2001
11
17
20
33
43
49
7
80
06.10.2001
6
9
25
30
41
42
9
81
10.10.2001
7
33
37
41
47
49
1
82
13.10.2001
2
9
10
15
25
38
4
83
17.10.2001
7
23
34
35
37
42
9
84
20.10.2001
3
8
11
37
40
42
0
85
24.10.2001
4
26
27
32
40
48
1
86
27.10.2001
4
18
22
23
27
37
4
87
31.10.2001
11
18
23
26
36
38
8
88
03.11.2001
3
5
7
24
26
42
0
89
07.11.2001
3
4
7
10
17
22
0
90
10.11.2001
2
14
15
16
20
26
9
91
14.11.2001
2
3
15
22
27
42
1
92
17.11.2001
1
2
4
30
38
40
7
93
21.11.2001
14
25
34
43
44
46
3
94
24.11.2001
7
20
26
30
40
42
8
95
28.11.2001
7
22
25
36
37
48
0
96
01.12.2001
2
10
33
37
40
41
3
97
05.12.2001
3
5
18
25
46
48
8
98
08.12.2001
1
4
20
29
33
35
9
99
12.12.2001
1
15
19
30
40
47
3
100
15.12.2001
19
27
31
39
40
44
2
101
19.12.2001
1
19
24
43
44
46
8
102
22.12.2001
12
18
25
47
48
49
6
103
26.12.2001
2
22
23
28
40
49
7
104
29.12.2001
2
8
11
44
46
48
9