1
01.01.2005
2
21
22
27
36
44
2
2
05.01.2005
1
11
20
24
26
41
8
3
08.01.2005
2
5
14
35
39
42
8
4
12.01.2005
3
5
6
10
30
45
3
5
15.01.2005
6
17
28
37
41
45
3
6
19.01.2005
7
8
14
36
39
45
3
7
22.01.2005
2
4
23
35
39
47
9
8
26.01.2005
4
24
32
36
42
45
0
9
29.01.2005
9
14
21
23
28
36
4
10
02.02.2005
6
22
26
30
36
44
1
11
05.02.2005
7
11
17
18
21
42
8
12
09.02.2005
10
15
19
39
44
46
3
13
12.02.2005
16
27
31
33
36
41
1
14
16.02.2005
1
6
10
19
22
46
1
15
19.02.2005
9
26
36
41
42
45
6
16
23.02.2005
20
34
37
38
39
45
5
17
26.02.2005
1
7
16
23
25
37
0
18
02.03.2005
9
24
25
27
35
39
0
19
05.03.2005
5
8
16
26
43
47
2
20
09.03.2005
7
16
27
33
35
44
0
21
12.03.2005
2
3
6
20
24
39
5
22
16.03.2005
4
6
16
29
33
40
5
23
19.03.2005
4
5
7
9
48
49
3
24
23.03.2005
18
21
32
33
45
48
1
25
26.03.2005
2
7
21
34
35
48
6
26
30.03.2005
1
3
7
14
40
46
9
27
02.04.2005
5
8
18
37
43
49
6
28
06.04.2005
6
14
28
32
43
47
8
29
09.04.2005
11
29
30
32
39
40
5
30
13.04.2005
15
22
26
28
36
42
2
31
16.04.2005
1
18
19
24
26
36
7
32
20.04.2005
6
9
16
20
25
43
9
33
23.04.2005
4
7
13
21
37
49
9
34
27.04.2005
5
6
18
27
41
48
1
35
30.04.2005
8
18
22
31
34
48
3
36
04.05.2005
3
7
21
24
30
39
0
37
07.05.2005
6
9
25
29
38
43
4
38
11.05.2005
2
18
22
46
47
49
6
39
14.05.2005
14
25
30
35
37
38
6
40
18.05.2005
1
18
20
26
27
44
2
41
21.05.2005
2
21
37
40
41
49
4
42
25.05.2005
22
23
33
43
47
49
0
43
28.05.2005
6
7
28
29
34
43
5
44
01.06.2005
2
15
29
32
33
39
2
45
04.06.2005
1
6
19
25
43
47
8
46
08.06.2005
6
10
23
25
45
49
7
47
11.06.2005
9
13
18
24
29
30
8
48
15.06.2005
11
12
14
18
31
32
3
49
18.06.2005
8
18
26
27
28
49
9
50
22.06.2005
5
33
40
41
44
48
5
51
25.06.2005
5
17
20
21
24
40
9
52
29.06.2005
7
16
18
25
26
41
1
53
02.07.2005
1
12
17
29
40
41
4
54
06.07.2005
11
16
29
35
38
47
8
55
09.07.2005
4
5
27
40
42
48
3
56
13.07.2005
10
14
18
24
39
47
9
57
16.07.2005
1
25
30
31
42
49
1
58
20.07.2005
4
10
19
25
33
43
3
59
23.07.2005
2
14
37
45
46
47
9
60
27.07.2005
15
16
25
27
38
47
8
61
30.07.2005
12
19
22
42
43
45
1
62
03.08.2005
4
7
10
12
24
33
7
63
06.08.2005
1
7
23
24
33
42
5
64
10.08.2005
8
9
16
20
35
45
1
65
13.08.2005
10
25
26
34
35
44
4
66
17.08.2005
9
10
16
22
23
45
0
67
20.08.2005
1
2
17
18
22
40
5
68
24.08.2005
7
11
22
38
43
49
8
69
27.08.2005
1
9
23
38
42
47
7
70
31.08.2005
1
8
12
15
24
29
3
71
03.09.2005
5
20
24
41
46
49
8
72
07.09.2005
2
6
7
20
24
33
8
73
10.09.2005
17
19
27
31
37
48
1
74
14.09.2005
10
22
26
35
41
47
4
75
17.09.2005
8
16
17
28
29
43
9
76
21.09.2005
14
22
28
36
38
46
8
77
24.09.2005
9
23
25
26
40
48
9
78
28.09.2005
11
25
28
32
37
44
7
79
01.10.2005
9
14
20
37
44
47
0
80
05.10.2005
11
19
23
30
36
47
0
81
08.10.2005
5
6
14
25
43
49
8
82
12.10.2005
2
3
10
35
36
41
7
83
15.10.2005
3
9
15
36
40
43
8
84
19.10.2005
1
23
24
26
30
35
3
85
22.10.2005
4
9
11
26
31
47
2
86
26.10.2005
9
19
21
24
34
35
7
87
29.10.2005
2
5
11
18
30
31
4
88
02.11.2005
13
14
16
17
25
27
0
89
05.11.2005
5
7
29
40
46
47
1
90
09.11.2005
4
19
26
30
46
47
0
91
12.11.2005
12
16
28
33
36
40
8
92
16.11.2005
2
16
17
23
27
38
0
93
19.11.2005
1
4
30
38
40
49
7
94
23.11.2005
15
18
24
45
47
49
4
95
26.11.2005
5
12
21
32
34
40
4
96
30.11.2005
20
22
25
35
40
46
2
97
03.12.2005
2
6
17
36
47
49
3
98
07.12.2005
7
28
29
34
35
47
0
99
10.12.2005
2
7
28
30
33
46
6
100
14.12.2005
16
25
39
40
41
49
7
101
17.12.2005
3
9
10
22
41
42
8
102
21.12.2005
9
18
24
26
30
34
1
103
24.12.2005
8
19
24
30
36
38
0
104
28.12.2005
7
11
36
40
41
49
7
105
31.12.2005
13
21
35
36
42
44
3