1
01.01.2014
6
8
23
24
25
46
6
2
04.01.2014
16
19
25
36
39
48
1
3
08.01.2014
20
28
31
36
44
45
9
4
11.01.2014
5
8
14
23
29
38
1
5
15.01.2014
6
22
39
41
43
49
4
6
18.01.2014
11
15
16
26
32
36
2
7
22.01.2014
2
18
23
26
42
46
8
8
25.01.2014
24
32
36
37
45
48
8
9
29.01.2014
3
12
15
26
34
36
5
10
01.02.2014
17
18
42
46
47
49
2
11
05.02.2014
7
9
16
17
26
32
1
12
08.02.2014
4
18
29
33
42
44
4
13
12.02.2014
10
15
16
18
35
37
5
14
15.02.2014
7
8
17
31
44
48
1
15
19.02.2014
4
18
21
29
36
43
3
16
22.02.2014
25
26
30
32
39
46
5
17
26.02.2014
8
9
11
19
31
48
7
18
01.03.2014
5
13
24
28
38
47
1
19
05.03.2014
5
13
16
33
34
44
3
20
08.03.2014
10
16
24
32
43
45
9
21
12.03.2014
4
7
12
27
31
38
4
22
15.03.2014
3
12
23
33
36
41
9
23
19.03.2014
1
7
10
23
25
40
3
24
22.03.2014
7
10
29
30
34
46
6
25
26.03.2014
3
22
30
36
38
43
4
26
29.03.2014
5
7
8
11
20
24
1
27
02.04.2014
4
6
20
28
42
48
0
28
05.04.2014
14
17
21
37
42
47
4
29
09.04.2014
6
12
32
39
43
46
9
30
12.04.2014
13
16
28
38
48
49
1
31
16.04.2014
18
24
28
30
35
49
8
32
19.04.2014
3
4
25
46
47
48
4
33
23.04.2014
12
13
22
23
40
44
3
34
26.04.2014
3
7
23
34
35
48
1
35
30.04.2014
6
10
30
35
38
48
6
36
03.05.2014
2
14
34
35
40
41
3
37
07.05.2014
1
19
23
25
28
30
9
38
10.05.2014
9
11
20
21
26
42
1
39
14.05.2014
2
7
22
30
32
39
8
40
17.05.2014
9
21
24
37
39
42
9
41
21.05.2014
2
5
6
16
21
31
4
42
24.05.2014
2
7
13
16
27
34
9
43
28.05.2014
10
13
16
29
40
44
0
44
31.05.2014
5
13
17
19
31
41
5
45
04.06.2014
20
21
24
27
28
43
0
46
07.06.2014
12
23
27
35
42
47
2
47
11.06.2014
3
6
11
21
43
44
1
48
14.06.2014
6
11
12
17
42
47
5
49
18.06.2014
6
20
28
33
38
43
5
50
21.06.2014
12
21
30
32
41
44
5
51
25.06.2014
1
6
7
13
28
34
4
52
28.06.2014
2
18
26
32
36
39
3
53
02.07.2014
6
10
15
18
41
44
8
54
05.07.2014
6
10
22
24
38
41
0
55
09.07.2014
3
4
18
25
26
45
3
56
12.07.2014
5
17
26
29
37
39
2
57
16.07.2014
3
17
26
29
31
41
5
58
19.07.2014
5
6
19
34
41
49
0
59
23.07.2014
9
15
20
25
33
38
5
60
26.07.2014
14
26
28
30
33
38
7
61
30.07.2014
9
10
11
12
13
37
3
62
02.08.2014
6
8
11
20
40
41
7
63
06.08.2014
5
6
7
21
31
45
1
64
09.08.2014
3
11
15
22
37
40
5
65
13.08.2014
3
24
30
36
41
46
6
66
16.08.2014
2
5
10
15
29
49
8
67
20.08.2014
1
3
22
28
31
35
4
68
23.08.2014
7
9
10
18
23
36
7
69
27.08.2014
14
15
16
25
29
47
5
70
30.08.2014
14
18
21
25
39
43
3
71
03.09.2014
18
19
23
39
40
47
2
72
06.09.2014
6
11
17
18
32
33
6
73
10.09.2014
8
23
24
32
38
45
3
74
13.09.2014
7
11
25
27
33
39
3
75
17.09.2014
16
32
38
43
44
49
9
76
20.09.2014
1
6
14
40
42
47
6
77
24.09.2014
4
31
34
35
36
46
3
78
27.09.2014
9
13
16
19
39
48
5
79
01.10.2014
1
3
21
23
39
42
4
80
04.10.2014
4
7
24
31
33
45
6
81
08.10.2014
6
19
21
32
34
37
8
82
11.10.2014
1
23
32
34
36
44
0
83
15.10.2014
12
14
16
26
27
31
9
84
18.10.2014
11
15
27
29
30
48
0
85
22.10.2014
1
12
25
35
42
49
1
86
25.10.2014
22
23
28
30
31
35
8
87
29.10.2014
4
9
21
26
39
43
4
88
01.11.2014
4
14
24
30
41
48
7
89
05.11.2014
6
8
17
31
33
49
9
90
08.11.2014
1
8
9
13
41
45
8
91
12.11.2014
14
24
28
32
37
47
2
92
15.11.2014
10
13
14
19
25
31
6
93
19.11.2014
4
5
18
26
34
48
0
94
22.11.2014
1
5
6
11
25
37
9
95
26.11.2014
8
11
24
32
33
44
6
96
29.11.2014
7
17
24
30
38
46
7
97
03.12.2014
4
10
14
23
32
35
3
98
06.12.2014
1
16
21
29
44
47
2
99
10.12.2014
9
11
22
29
30
41
6
100
13.12.2014
5
8
12
18
26
43
6
101
17.12.2014
16
17
22
28
44
46
6
102
20.12.2014
3
4
6
10
24
32
9
103
24.12.2014
14
25
33
38
43
45
5
104
27.12.2014
10
36
43
44
45
48
7
105
31.12.2014
15
20
22
27
39
49
7