1
02.01.2010
3
6
30
31
32
43
2
2
06.01.2010
2
14
17
20
24
48
1
3
09.01.2010
2
22
24
33
37
46
9
4
13.01.2010
2
13
34
38
40
43
8
5
16.01.2010
6
7
12
17
18
34
4
6
20.01.2010
9
11
15
28
46
47
9
7
23.01.2010
14
16
21
28
31
39
5
8
27.01.2010
5
7
10
39
43
46
5
9
30.01.2010
11
13
17
34
46
49
7
10
03.02.2010
4
8
10
16
37
43
6
11
06.02.2010
10
15
22
34
41
49
2
12
10.02.2010
6
9
12
29
44
49
7
13
13.02.2010
5
11
15
20
36
48
2
14
17.02.2010
17
22
31
35
38
44
5
15
20.02.2010
2
10
20
24
25
47
3
16
24.02.2010
3
6
12
22
25
41
2
17
27.02.2010
4
6
26
30
33
45
7
18
03.03.2010
3
9
17
37
45
47
1
19
06.03.2010
13
18
27
35
38
39
2
20
10.03.2010
16
18
27
45
46
49
7
21
13.03.2010
10
15
23
24
27
35
9
22
17.03.2010
19
20
23
25
30
34
0
23
20.03.2010
6
20
21
22
24
30
0
24
24.03.2010
9
15
19
25
40
47
7
25
27.03.2010
4
10
14
36
45
49
8
26
31.03.2010
14
25
41
46
47
49
3
27
03.04.2010
12
13
24
32
40
48
8
28
07.04.2010
14
18
24
26
32
35
2
29
10.04.2010
2
3
8
34
37
47
9
30
14.04.2010
5
13
18
35
37
42
1
31
17.04.2010
10
11
16
17
35
38
1
32
21.04.2010
5
13
23
33
40
41
7
33
24.04.2010
7
12
26
29
45
46
1
34
28.04.2010
3
19
26
30
39
40
1
35
01.05.2010
10
16
19
20
37
49
4
36
05.05.2010
11
12
17
19
36
44
7
37
08.05.2010
16
31
36
39
40
49
8
38
12.05.2010
1
20
24
26
27
40
4
39
15.05.2010
5
10
11
35
36
41
5
40
19.05.2010
19
25
30
34
37
42
1
41
22.05.2010
12
13
19
39
43
49
9
42
26.05.2010
6
11
16
39
41
49
9
43
29.05.2010
17
20
26
33
46
47
1
44
02.06.2010
9
18
20
23
32
34
0
45
05.06.2010
5
21
28
32
43
46
8
46
09.06.2010
14
25
29
33
37
42
3
47
12.06.2010
4
9
17
20
25
35
4
48
16.06.2010
7
27
28
29
34
40
0
49
19.06.2010
13
14
21
22
41
42
6
50
23.06.2010
1
18
23
25
44
48
5
51
26.06.2010
25
33
39
41
48
49
3
52
30.06.2010
2
7
13
14
33
36
6
53
03.07.2010
1
13
27
45
46
47
8
54
07.07.2010
6
17
28
32
35
42
6
55
10.07.2010
2
3
7
17
19
42
6
56
14.07.2010
10
11
20
23
28
42
6
57
17.07.2010
7
11
20
29
36
49
7
58
21.07.2010
17
20
22
28
31
43
1
59
24.07.2010
4
15
21
24
37
43
1
60
28.07.2010
16
20
33
34
40
46
1
61
31.07.2010
22
24
25
34
46
49
7
62
04.08.2010
13
28
30
31
33
46
4
63
07.08.2010
6
20
29
32
33
44
2
64
11.08.2010
3
6
7
13
17
33
2
65
14.08.2010
4
8
14
30
32
43
5
66
18.08.2010
2
9
14
16
37
47
8
67
21.08.2010
5
15
18
22
26
30
4
68
25.08.2010
9
28
36
43
44
49
7
69
28.08.2010
4
6
22
31
35
40
7
70
01.09.2010
4
11
16
19
29
36
9
71
04.09.2010
3
6
19
25
35
48
3
72
08.09.2010
5
11
12
13
32
40
9
73
11.09.2010
26
28
39
41
43
48
8
74
15.09.2010
1
29
31
32
41
43
4
75
18.09.2010
4
24
29
30
35
37
3
76
22.09.2010
2
4
5
9
12
17
7
77
25.09.2010
1
2
4
12
25
46
1
78
29.09.2010
4
9
16
23
32
41
7
79
02.10.2010
5
15
17
27
28
29
2
80
06.10.2010
2
3
11
19
30
43
3
81
09.10.2010
11
12
15
19
21
22
9
82
13.10.2010
3
16
21
32
33
40
5
83
16.10.2010
8
13
19
33
45
47
7
84
20.10.2010
1
7
15
19
22
33
0
85
23.10.2010
8
9
23
29
34
43
8
86
27.10.2010
12
13
18
25
28
44
3
87
30.10.2010
11
12
15
30
39
49
2
88
03.11.2010
1
5
9
39
45
47
0
89
06.11.2010
4
14
17
18
33
34
3
90
10.11.2010
8
11
12
21
22
49
0
91
13.11.2010
8
13
17
19
24
43
8
92
17.11.2010
1
16
18
24
28
47
8
93
20.11.2010
4
17
29
32
33
34
5
94
24.11.2010
5
8
26
33
35
46
1
95
27.11.2010
1
4
8
10
35
45
7
96
01.12.2010
15
20
25
32
39
41
2
97
04.12.2010
13
18
24
37
41
48
2
98
08.12.2010
2
7
14
16
18
26
5
99
11.12.2010
5
7
16
27
31
43
0
100
15.12.2010
3
9
14
28
43
45
0
101
18.12.2010
4
16
21
39
40
42
3
102
22.12.2010
6
18
26
35
36
45
4
103
25.12.2010
2
9
10
11
29
46
7
104
29.12.2010
14
15
20
37
42
48
2