1
04.01.2017
5
13
21
37
39
48
2
2
07.01.2017
12
14
17
22
45
46
7
3
11.01.2017
20
27
29
32
34
38
1
4
14.01.2017
3
4
23
27
28
37
3
5
18.01.2017
10
11
13
28
39
40
1
6
21.01.2017
5
9
11
14
26
39
9
7
25.01.2017
1
2
14
17
25
49
5
8
28.01.2017
6
9
15
38
41
42
7
9
01.02.2017
3
13
19
21
25
42
9
10
04.02.2017
2
16
28
37
39
49
8
11
08.02.2017
14
22
28
30
41
46
6
12
11.02.2017
3
12
22
32
45
46
6
13
15.02.2017
7
13
18
33
36
39
4
14
18.02.2017
17
20
24
25
27
41
9
15
22.02.2017
1
5
7
25
42
46
3
16
25.02.2017
1
3
4
9
28
32
4
17
01.03.2017
12
22
29
30
31
38
4
18
04.03.2017
1
19
22
23
41
45
2
19
08.03.2017
3
7
16
26
28
35
6
20
11.03.2017
4
12
17
26
46
49
8
21
15.03.2017
7
15
16
25
26
40
1
22
18.03.2017
4
12
23
27
31
40
0
23
22.03.2017
4
15
18
21
22
38
6
24
25.03.2017
1
9
11
25
26
49
6
25
29.03.2017
9
21
24
25
28
47
2
26
01.04.2017
5
8
9
18
22
36
8
27
05.04.2017
1
6
7
22
41
49
2
28
08.04.2017
2
7
28
39
40
47
1
29
12.04.2017
10
11
14
24
26
48
5
30
15.04.2017
12
18
21
27
30
36
7
31
19.04.2017
19
23
27
30
41
48
0
32
22.04.2017
1
11
12
19
25
32
7
33
26.04.2017
25
31
34
37
39
42
3
34
29.04.2017
3
4
18
36
37
49
5
35
03.05.2017
4
5
12
18
20
33
8
36
06.05.2017
16
26
30
31
32
47
4
37
10.05.2017
9
18
26
38
39
42
8
38
13.05.2017
7
19
32
45
47
48
1
39
17.05.2017
1
2
23
26
36
43
3
40
20.05.2017
1
15
29
34
37
44
7
41
24.05.2017
6
13
19
25
26
44
3
42
27.05.2017
23
24
25
27
29
49
1
43
31.05.2017
9
17
24
27
36
48
7
44
03.06.2017
24
31
32
35
37
46
3
45
07.06.2017
6
17
18
28
33
37
4
46
10.06.2017
4
6
16
26
29
42
7
47
14.06.2017
29
30
32
33
36
44
1
48
17.06.2017
2
6
16
22
44
49
1
49
21.06.2017
4
6
7
39
41
44
4
50
24.06.2017
13
23
27
38
43
46
6
51
28.06.2017
13
17
29
38
41
42
4
52
01.07.2017
2
3
15
22
35
47
8
53
05.07.2017
7
33
34
39
40
47
0
54
08.07.2017
2
3
17
23
27
40
2
55
12.07.2017
18
22
30
36
44
49
7
56
15.07.2017
8
25
31
32
33
38
1
57
19.07.2017
17
19
21
27
36
41
1
58
22.07.2017
5
27
37
41
45
47
7
59
26.07.2017
12
15
18
26
27
33
0
60
29.07.2017
14
20
29
30
35
37
3
61
02.08.2017
21
22
23
34
36
49
5
62
05.08.2017
14
18
19
23
37
49
5
63
09.08.2017
1
10
18
39
41
49
7
64
12.08.2017
5
15
25
27
47
49
6
65
16.08.2017
6
9
29
36
38
49
3
66
19.08.2017
2
10
29
35
45
48
2
67
23.08.2017
16
23
25
28
32
49
6
68
26.08.2017
2
11
19
24
28
49
9
69
30.08.2017
5
7
9
21
29
34
3
70
02.09.2017
3
5
8
14
33
34
6
71
06.09.2017
12
16
19
28
33
48
3
72
09.09.2017
8
14
18
27
40
49
3
73
13.09.2017
11
16
17
18
30
40
6
74
16.09.2017
21
26
27
31
35
47
9
75
20.09.2017
3
9
28
30
36
46
3
76
23.09.2017
10
15
19
23
38
44
6
77
27.09.2017
17
20
25
31
33
37
6
78
30.09.2017
4
18
19
23
33
46
1
79
04.10.2017
11
15
16
17
19
45
4
80
07.10.2017
11
20
21
24
30
49
6
81
11.10.2017
3
6
17
20
21
42
7
82
14.10.2017
7
9
10
13
35
40
7
83
18.10.2017
4
7
10
11
13
38
4
84
21.10.2017
4
10
15
25
34
46
1
85
25.10.2017
1
18
29
32
36
42
8
86
28.10.2017
1
20
22
24
33
36
1
87
01.11.2017
3
8
15
18
21
31
9
88
04.11.2017
3
7
14
21
46
47
6
89
08.11.2017
7
14
24
37
38
43
7
90
11.11.2017
1
7
11
16
19
37
7
91
15.11.2017
6
23
35
40
45
46
5
92
18.11.2017
2
5
9
12
20
35
7
93
22.11.2017
24
28
29
32
34
48
9
94
25.11.2017
11
17
20
26
37
43
9
95
29.11.2017
9
16
25
28
30
32
8
96
02.12.2017
3
12
13
17
18
33
2
97
06.12.2017
11
18
19
29
35
43
9
98
09.12.2017
7
12
16
20
25
46
7
99
13.12.2017
2
3
9
14
17
27
0
100
16.12.2017
5
6
18
23
30
40
9
101
20.12.2017
8
13
35
38
39
44
4
102
23.12.2017
4
11
31
32
38
39
6
103
27.12.2017
17
19
31
37
45
46
0
104
30.12.2017
11
12
14
27
37
48
0